       0.010360     0.005617
       0.008863     0.006883
       0.007552     0.007802
       0.006432     0.008376
       0.005507     0.008608
       0.004782     0.008501
       0.004183     0.008233
       0.003629     0.007980
       0.003117     0.007740
       0.002644     0.007514
       0.002206     0.007299
       0.001801     0.007097
       0.001426     0.006905
       0.001078     0.006723
       0.000756     0.006552
       0.000458     0.006389
       0.000181     0.006235
       0.000000     0.006089
       0.000000     0.005951
       0.000000     0.005819
       0.000000     0.005695
       0.000000     0.005576
       0.000000     0.005464
       0.000000     0.005357
       0.000000     0.005255
       0.000000     0.005157
       0.000000     0.005065
       0.000000     0.004976
       0.000000     0.004891
       0.000000     0.004810
       0.000000     0.004733
       0.000000     0.004658
       0.000000     0.004587
       0.000000     0.004518
       0.000000     0.004452
       0.000000     0.004388
       0.000000     0.004326
       0.000000     0.004266
       0.000000     0.004208
       0.000000     0.004152
       0.000000     0.004098
       0.000000     0.004045
       0.000000     0.003993
       0.000000     0.003943
       0.000000     0.003893
       0.000000     0.003845
       0.000000     0.003798
       0.000000     0.003752
       0.000000     0.003706
       0.000000     0.003662
       0.000000     0.003617
       0.000000     0.003574
       0.000000     0.003531
       0.000000     0.003489
       0.000000     0.003447
       0.000000     0.003405
       0.000000     0.003364
       0.000000     0.003323
       0.000000     0.003283
       0.000000     0.003243
       0.000000     0.003203
       0.000000     0.003163
       0.000000     0.003123
       0.000000     0.003084
       0.000000     0.003044
       0.000000     0.003005
       0.000000     0.002966
       0.000000     0.002927
       0.000000     0.002887
       0.000000     0.002848
       0.000000     0.002809
       0.000000     0.002770
       0.000000     0.002731
       0.000000     0.002692
       0.000000     0.002653
       0.000000     0.002614
       0.000000     0.002574
       0.000000     0.002535
       0.000000     0.002496
       0.000000     0.002456
       0.000000     0.002416
       0.000000     0.002377
       0.000000     0.002337
       0.000000     0.002297
       0.000000     0.002257
       0.000000     0.002217
       0.000000     0.002177
       0.000000     0.002137
       0.000000     0.002097
       0.000000     0.002056
       0.000000     0.002016
       0.000000     0.001975
       0.000000     0.001935
       0.000000     0.001894
       0.000000     0.001853
       0.000000     0.001812
       0.000000     0.001771
       0.000000     0.001729
       0.000000     0.001688
       0.000000     0.001646
       0.000000     0.001605
       0.000000     0.001563
       0.000000     0.001521
       0.000000     0.001480
       0.000000     0.001438
       0.000000     0.001396
       0.000000     0.001353
       0.000000     0.001311
       0.000000     0.001269
       0.000000     0.001227
       0.000000     0.001184
       0.000000     0.001141
       0.000000     0.001099
       0.000000     0.001056
       0.000000     0.001013
       0.000000     0.000970
       0.000000     0.000928
       0.000000     0.000885
       0.000000     0.000842
       0.000000     0.000798
       0.000000     0.000755
       0.000000     0.000712
       0.000000     0.000669
       0.000000     0.000625
       0.000000     0.000582
       0.000000     0.000559
       0.495000     0.000000
       0.495117    -0.001074
       0.495461    -0.002097
       0.496017    -0.003023
       0.496759    -0.003807
       0.497652    -0.004414
       0.498655    -0.004816
       0.499720    -0.004992
       0.500798    -0.004936
       0.501840    -0.004649
       0.502795    -0.004146
       0.503620    -0.003449
       0.504276    -0.002591
       0.504733    -0.001613
       0.504969    -0.000559
       0.004966    -0.000581
       0.004961    -0.000624
       0.004955    -0.000668
       0.004949    -0.000711
       0.004943    -0.000754
       0.004936    -0.000797
       0.004929    -0.000840
       0.004921    -0.000883
       0.004913    -0.000926
       0.004905    -0.000968
       0.004897    -0.001011
       0.004888    -0.001054
       0.004878    -0.001096
       0.004868    -0.001139
       0.004858    -0.001181
       0.004848    -0.001223
       0.004837    -0.001265
       0.004826    -0.001307
       0.004814    -0.001349
       0.004802    -0.001391
       0.004790    -0.001432
       0.004777    -0.001474
       0.004764    -0.001515
       0.004751    -0.001557
       0.004737    -0.001598
       0.004723    -0.001639
       0.004709    -0.001680
       0.004694    -0.001720
       0.004679    -0.001761
       0.004664    -0.001801
       0.004648    -0.001841
       0.004632    -0.001881
       0.004615    -0.001921
       0.004599    -0.001961
       0.004582    -0.002000
       0.004564    -0.002040
       0.004546    -0.002079
       0.004528    -0.002117
       0.004510    -0.002156
       0.004491    -0.002194
       0.004472    -0.002233
       0.004453    -0.002270
       0.004434    -0.002308
       0.004414    -0.002345
       0.004394    -0.002383
       0.004373    -0.002419
       0.004353    -0.002456
       0.004332    -0.002492
       0.004311    -0.002528
       0.004289    -0.002564
       0.004268    -0.002599
       0.004246    -0.002634
       0.004224    -0.002668
       0.004202    -0.002702
       0.004180    -0.002736
       0.004157    -0.002769
       0.004135    -0.002802
       0.004112    -0.002835
       0.004089    -0.002867
       0.004067    -0.002898
       0.004044    -0.002929
       0.004021    -0.002959
       0.003998    -0.002989
       0.003976    -0.003018
       0.003953    -0.003047
       0.003930    -0.003075
       0.003908    -0.003102
       0.003886    -0.003128
       0.003864    -0.003154
       0.003843    -0.003179
       0.003821    -0.003203
       0.003801    -0.003226
       0.003781    -0.003248
       0.003761    -0.003269
       0.003742    -0.003289
       0.003724    -0.003308
       0.003707    -0.003325
       0.003691    -0.003341
       0.003675    -0.003356
       0.003661    -0.003370
       0.003649    -0.003382
       0.003638    -0.003392
       0.003628    -0.003401
       0.003621    -0.003408
       0.003615    -0.003412
       0.003612    -0.003415
       0.003611    -0.003416
       0.003613    -0.003414
       0.003618    -0.003410
       0.003627    -0.003403
       0.003639    -0.003394
       0.003654    -0.003381
       0.003675    -0.003366
       0.003700    -0.003347
       0.003730    -0.003324
       0.003766    -0.003298
       0.003808    -0.003268
       0.003857    -0.003233
       0.003914    -0.003194
       0.003979    -0.003150
       0.004053    -0.003102
       0.004136    -0.003047
       0.004230    -0.002987
       0.004336    -0.002921
       0.004454    -0.002848
       0.004586    -0.002768
       0.004733    -0.002682
       0.004897    -0.002587
       0.005078    -0.002484
       0.005279    -0.002372
       0.005501    -0.002251
       0.005745    -0.002121
       0.006015    -0.001980
       0.006313    -0.001828
       0.006640    -0.001664
       0.006999    -0.001488
       0.007394    -0.001299
       0.007827    -0.001097
       0.008301    -0.000880
       0.008821    -0.000647
       0.009314    -0.000222
       0.009715     0.000574
       0.010037     0.001748
       0.010296     0.003304
       0.010507     0.005245
