       1.000016     0.000199
       0.992209     0.002557
       0.984367     0.004521
       0.976491     0.006093
       0.968583     0.007271
       0.960645     0.008057
       0.952691     0.008641
       0.944737     0.009215
       0.936782     0.009778
       0.928826     0.010331
       0.920870     0.010874
       0.912913     0.011407
       0.904955     0.011930
       0.896996     0.012442
       0.889037     0.012944
       0.881077     0.013436
       0.873117     0.013918
       0.865156     0.014389
       0.857194     0.014850
       0.849232     0.015301
       0.841269     0.015742
       0.833306     0.016172
       0.825342     0.016593
       0.817377     0.017002
       0.809412     0.017402
       0.801447     0.017792
       0.793481     0.018171
       0.785514     0.018540
       0.777547     0.018899
       0.769580     0.019247
       0.761612     0.019586
       0.753644     0.019914
       0.745675     0.020231
       0.737706     0.020539
       0.729737     0.020836
       0.721767     0.021123
       0.713797     0.021400
       0.705826     0.021667
       0.697855     0.021923
       0.689884     0.022169
       0.681913     0.022405
       0.673941     0.022630
       0.665969     0.022846
       0.657996     0.023051
       0.650024     0.023245
       0.642051     0.023430
       0.634078     0.023604
       0.626104     0.023768
       0.618131     0.023922
       0.610157     0.024066
       0.602183     0.024199
       0.594209     0.024322
       0.586235     0.024435
       0.578261     0.024537
       0.570286     0.024630
       0.562312     0.024712
       0.554337     0.024783
       0.546362     0.024845
       0.538387     0.024896
       0.530412     0.024937
       0.522437     0.024968
       0.514462     0.024988
       0.506488     0.024999
       0.498512     0.024999
       0.490538     0.024988
       0.482563     0.024968
       0.474588     0.024937
       0.466613     0.024896
       0.458638     0.024845
       0.450663     0.024783
       0.442688     0.024712
       0.434714     0.024630
       0.426739     0.024537
       0.418765     0.024435
       0.410791     0.024322
       0.402817     0.024199
       0.394843     0.024066
       0.386869     0.023922
       0.378896     0.023768
       0.370922     0.023604
       0.362949     0.023430
       0.354976     0.023245
       0.347004     0.023051
       0.339031     0.022846
       0.331059     0.022630
       0.323087     0.022405
       0.315116     0.022169
       0.307145     0.021923
       0.299174     0.021667
       0.291203     0.021400
       0.283233     0.021123
       0.275263     0.020836
       0.267294     0.020539
       0.259325     0.020231
       0.251356     0.019914
       0.243388     0.019586
       0.235420     0.019247
       0.227453     0.018899
       0.219486     0.018540
       0.211519     0.018171
       0.203553     0.017792
       0.195588     0.017402
       0.187623     0.017002
       0.179658     0.016593
       0.171694     0.016172
       0.163731     0.015742
       0.155768     0.015301
       0.147806     0.014850
       0.139844     0.014389
       0.131883     0.013918
       0.123923     0.013436
       0.115963     0.012944
       0.108004     0.012442
       0.100045     0.011930
       0.092087     0.011407
       0.084130     0.010874
       0.076174     0.010331
       0.068218     0.009778
       0.060263     0.009215
       0.052309     0.008641
       0.044355     0.008057
       0.036402     0.007463
       0.028450     0.006858
       0.020499     0.006244
       0.012548     0.005619
       0.004599     0.004984
       0.003555     0.004787
       0.002576     0.004373
       0.001706     0.003762
       0.000986     0.002981
       0.000447     0.002065
       0.000113     0.001057
       0.000000     0.000000
       0.000106    -0.001025
       0.000420    -0.002006
       0.000928    -0.002902
       0.001609    -0.003675
       0.002434    -0.004292
       0.003368    -0.004726
       0.004371    -0.004960
       0.005401    -0.004984
       0.013338    -0.004350
       0.021276    -0.003726
       0.029214    -0.003112
       0.037154    -0.002509
       0.045094    -0.001916
       0.053034    -0.001333
       0.060976    -0.000760
       0.068918    -0.000197
       0.076861     0.000355
       0.084805     0.000897
       0.092749     0.001429
       0.100694     0.001951
       0.108640     0.002462
       0.116586     0.002964
       0.124533     0.003455
       0.132481     0.003936
       0.140429     0.004406
       0.148378     0.004867
       0.156327     0.005317
       0.164277     0.005757
       0.172228     0.006187
       0.180179     0.006606
       0.188130     0.007015
       0.196083     0.007414
       0.204035     0.007803
       0.211988     0.008182
       0.219942     0.008550
       0.227896     0.008909
       0.235851     0.009257
       0.243806     0.009594
       0.251761     0.009922
       0.259717     0.010239
       0.267673     0.010546
       0.275630     0.010843
       0.283587     0.011129
       0.291544     0.011406
       0.299502     0.011672
       0.307460     0.011928
       0.315418     0.012173
       0.323377     0.012409
       0.331336     0.012634
       0.339295     0.012849
       0.347254     0.013054
       0.355214     0.013248
       0.363174     0.013432
       0.371134     0.013607
       0.379095     0.013770
       0.387056     0.013924
       0.395016     0.014067
       0.402977     0.014200
       0.410939     0.014323
       0.418900     0.014436
       0.426862     0.014538
       0.434823     0.014630
       0.442785     0.014712
       0.450747     0.014784
       0.458709     0.014845
       0.466671     0.014896
       0.474633     0.014937
       0.482595     0.014968
       0.490557     0.014988
       0.498519     0.014999
       0.506481     0.014999
       0.514443     0.014988
       0.522405     0.014968
       0.530367     0.014937
       0.538329     0.014896
       0.546291     0.014845
       0.554253     0.014784
       0.562215     0.014712
       0.570177     0.014630
       0.578138     0.014538
       0.586100     0.014436
       0.594061     0.014323
       0.602023     0.014200
       0.609984     0.014067
       0.617944     0.013924
       0.625905     0.013770
       0.633866     0.013607
       0.641826     0.013432
       0.649786     0.013248
       0.657746     0.013054
       0.665705     0.012849
       0.673664     0.012634
       0.681623     0.012409
       0.689582     0.012173
       0.697540     0.011928
       0.705498     0.011672
       0.713456     0.011406
       0.721413     0.011129
       0.729370     0.010843
       0.737327     0.010546
       0.745283     0.010239
       0.753239     0.009922
       0.761194     0.009594
       0.769149     0.009257
       0.777104     0.008909
       0.785058     0.008550
       0.793012     0.008182
       0.800965     0.007803
       0.808917     0.007414
       0.816870     0.007015
       0.824821     0.006606
       0.832772     0.006187
       0.840723     0.005757
       0.848673     0.005317
       0.856622     0.004867
       0.864571     0.004406
       0.872519     0.003936
       0.880467     0.003455
       0.888414     0.002964
       0.896360     0.002462
       0.904306     0.001951
       0.912251     0.001429
       0.920195     0.000897
       0.928139     0.000355
       0.936082    -0.000197
       0.944024    -0.000760
       0.951966    -0.001333
       0.959906    -0.001916
       0.967861    -0.002317
       0.975844    -0.002347
       0.983858    -0.002003
       0.991904    -0.001287
       0.999984    -0.000199
