       1.000024     0.000199
       0.992306     0.002866
       0.984534     0.005137
       0.976712     0.007012
       0.968841     0.008491
       0.960923     0.009573
       0.952982     0.010448
       0.945040     0.011309
       0.937096     0.012154
       0.929150     0.012984
       0.921203     0.013799
       0.913254     0.014598
       0.905304     0.015382
       0.897352     0.016151
       0.889399     0.016904
       0.881444     0.017642
       0.873488     0.018365
       0.865530     0.019072
       0.857571     0.019764
       0.849611     0.020441
       0.841650     0.021102
       0.833687     0.021748
       0.825723     0.022379
       0.817758     0.022994
       0.809791     0.023594
       0.801824     0.024179
       0.793855     0.024748
       0.785885     0.025302
       0.777915     0.025840
       0.769943     0.026363
       0.761970     0.026871
       0.753996     0.027363
       0.746022     0.027840
       0.738046     0.028302
       0.730070     0.028748
       0.722092     0.029179
       0.714114     0.029595
       0.706135     0.029995
       0.698156     0.030380
       0.690175     0.030749
       0.682194     0.031103
       0.674213     0.031442
       0.666230     0.031765
       0.658247     0.032073
       0.650264     0.032365
       0.642280     0.032643
       0.634295     0.032904
       0.626310     0.033151
       0.618324     0.033381
       0.610338     0.033597
       0.602352     0.033797
       0.594365     0.033982
       0.586378     0.034151
       0.578390     0.034305
       0.570403     0.034444
       0.562415     0.034567
       0.554427     0.034675
       0.546438     0.034767
       0.538450     0.034844
       0.530461     0.034906
       0.522472     0.034952
       0.514483     0.034983
       0.506494     0.034998
       0.498506     0.034998
       0.490517     0.034983
       0.482528     0.034952
       0.474539     0.034906
       0.466550     0.034844
       0.458562     0.034767
       0.450573     0.034675
       0.442585     0.034567
       0.434597     0.034444
       0.426610     0.034305
       0.418622     0.034151
       0.410635     0.033982
       0.402648     0.033797
       0.394662     0.033597
       0.386676     0.033381
       0.378690     0.033151
       0.370705     0.032904
       0.362720     0.032643
       0.354736     0.032365
       0.346753     0.032073
       0.338770     0.031765
       0.330787     0.031442
       0.322806     0.031103
       0.314825     0.030749
       0.306844     0.030380
       0.298865     0.029995
       0.290886     0.029595
       0.282908     0.029179
       0.274930     0.028748
       0.266954     0.028302
       0.258978     0.027840
       0.251004     0.027363
       0.243030     0.026871
       0.235057     0.026363
       0.227085     0.025840
       0.219115     0.025302
       0.211145     0.024748
       0.203176     0.024179
       0.195209     0.023594
       0.187242     0.022994
       0.179277     0.022379
       0.171313     0.021748
       0.163350     0.021102
       0.155389     0.020441
       0.147429     0.019764
       0.139470     0.019072
       0.131512     0.018365
       0.123556     0.017642
       0.115601     0.016904
       0.107648     0.016151
       0.099696     0.015382
       0.091746     0.014598
       0.083797     0.013799
       0.075850     0.012984
       0.067904     0.012154
       0.059960     0.011309
       0.052018     0.010448
       0.044077     0.009573
       0.036138     0.008681
       0.028200     0.007775
       0.020265     0.006853
       0.012331     0.005916
       0.004399     0.004964
       0.003391     0.004734
       0.002451     0.004302
       0.001621     0.003685
       0.000935     0.002912
       0.000423     0.002013
       0.000107     0.001029
       0.000000     0.000000
       0.000111    -0.001049
       0.000440    -0.002052
       0.000972    -0.002963
       0.001684    -0.003742
       0.002543    -0.004355
       0.003511    -0.004773
       0.004546    -0.004979
       0.005601    -0.004964
       0.013514    -0.004014
       0.021428    -0.003079
       0.029345    -0.002159
       0.037263    -0.001255
       0.045183    -0.000366
       0.053104     0.000508
       0.061028     0.001366
       0.068953     0.002209
       0.076879     0.003037
       0.084807     0.003850
       0.092737     0.004647
       0.100668     0.005430
       0.108601     0.006196
       0.116535     0.006948
       0.124470     0.007684
       0.132407     0.008405
       0.140346     0.009111
       0.148285     0.009801
       0.156226     0.010476
       0.164169     0.011136
       0.172112     0.011780
       0.180057     0.012409
       0.188003     0.013023
       0.195950     0.013622
       0.203898     0.014205
       0.211848     0.014773
       0.219798     0.015325
       0.227750     0.015862
       0.235702     0.016384
       0.243656     0.016891
       0.251610     0.017382
       0.259566     0.017858
       0.267522     0.018318
       0.275479     0.018763
       0.283437     0.019193
       0.291396     0.019608
       0.299356     0.020007
       0.307316     0.020391
       0.315277     0.020759
       0.323239     0.021113
       0.331202     0.021450
       0.339165     0.021773
       0.347128     0.022080
       0.355093     0.022372
       0.363058     0.022648
       0.371023     0.022909
       0.378989     0.023155
       0.386955     0.023385
       0.394922     0.023600
       0.402889     0.023800
       0.410857     0.023984
       0.418824     0.024153
       0.426793     0.024307
       0.434761     0.024445
       0.442730     0.024568
       0.450699     0.024676
       0.458668     0.024768
       0.466637     0.024844
       0.474606     0.024906
       0.482576     0.024952
       0.490546     0.024983
       0.498515     0.024998
       0.506485     0.024998
       0.514454     0.024983
       0.522424     0.024952
       0.530394     0.024906
       0.538363     0.024844
       0.546332     0.024768
       0.554301     0.024676
       0.562270     0.024568
       0.570239     0.024445
       0.578207     0.024307
       0.586176     0.024153
       0.594143     0.023984
       0.602111     0.023800
       0.610078     0.023600
       0.618045     0.023385
       0.626011     0.023155
       0.633977     0.022909
       0.641942     0.022648
       0.649907     0.022372
       0.657872     0.022080
       0.665835     0.021773
       0.673798     0.021450
       0.681761     0.021113
       0.689723     0.020759
       0.697684     0.020391
       0.705644     0.020007
       0.713604     0.019608
       0.721563     0.019193
       0.729521     0.018763
       0.737478     0.018318
       0.745434     0.017858
       0.753390     0.017382
       0.761344     0.016891
       0.769298     0.016384
       0.777250     0.015862
       0.785202     0.015325
       0.793152     0.014773
       0.801102     0.014205
       0.809050     0.013622
       0.816997     0.013023
       0.824943     0.012409
       0.832888     0.011780
       0.840831     0.011136
       0.848774     0.010476
       0.856715     0.009801
       0.864654     0.009111
       0.872593     0.008405
       0.880530     0.007684
       0.888465     0.006948
       0.896399     0.006196
       0.904332     0.005430
       0.912263     0.004647
       0.920193     0.003850
       0.928121     0.003037
       0.936047     0.002209
       0.943972     0.001366
       0.951896     0.000508
       0.959817    -0.000366
       0.967759    -0.001064
       0.975743    -0.001396
       0.983773    -0.001363
       0.991850    -0.000963
       0.999976    -0.000199
